cDNA	gene
1	268
2	269
3	270
4	271
5	272
6	273
7	274
8	275
9	276
10	277
11	278
12	279
13	280
14	281
15	282
16	283
17	284
18	285
19	286
20	287
21	288
22	289
23	290
24	291
25	292
26	293
27	294
28	295
29	296
30	297
31	298
32	299
33	300
34	301
35	1359
36	1360
37	1361
38	1362
39	1363
40	1364
41	1365
42	1366
43	1367
44	1368
45	1369
46	1370
47	1371
48	1372
49	1373
50	1374
51	1375
52	1376
53	1377
54	1378
55	1379
56	1380
57	1381
58	1382
59	1383
60	1384
61	1385
62	1386
63	1387
64	1388
65	1389
66	1390
67	1391
68	1392
69	1393
70	1394
71	2119
72	2120
73	2121
74	2122
75	2123
76	2124
77	2125
78	2126
79	2127
80	2128
81	2129
82	2130
83	2131
84	2132
85	2133
86	2134
87	2135
88	2136
89	2137
90	2138
91	2139
92	2140
93	2141
94	2142
95	2143
96	2144
97	2145
98	2146
99	2147
100	2148
101	2149
102	2150
103	2151
104	2152
105	2153
106	2154
107	2155
108	2156
109	2157
110	2158
111	2159
112	2160
113	2161
114	2162
115	2163
116	2164
117	2165
118	2166
119	2167
120	2168
121	2169
122	2170
123	2171
124	2172
125	2173
126	2174
127	2175
128	2176
129	2177
130	2178
131	2179
132	2180
133	2181
134	2182
135	2183
136	2184
137	2185
138	2186
139	2187
140	2188
141	2189
142	2190
143	2191
144	2192
145	2193
146	2194
147	2195
148	2196
149	2197
150	2198
151	2199
152	2200
153	2201
154	2202
155	2203
156	2204
157	2205
158	2206
159	2207
160	2208
161	2209
162	2210
163	2211
164	2212
165	2213
166	2214
167	2215
168	2216
169	2217
170	2218
171	2219
172	2220
173	2221
174	2222
175	2223
176	2224
177	2225
178	2226
179	2227
180	2228
181	2229
182	2230
183	2231
184	2232
185	2233
186	2234
187	2235
188	2236
189	2237
190	2238
191	2239
192	2240
193	2241
194	2242
195	2243
196	2244
197	2245
198	2246
199	2247
200	2248
201	2249
202	2250
203	2251
204	2252
205	2253
206	2254
207	2255
208	2256
209	2257
210	2258
211	2259
212	2260
213	2261
214	2262
215	2263
216	2264
217	2265
218	2266
219	2267
220	2268
221	2269
222	2270
223	2271
224	2272
225	2273
226	2274
227	2275
228	2276
229	2277
230	2278
231	2279
232	2280
233	2281
234	2282
235	2283
236	2284
237	2285
238	2286
239	2287
240	2288
241	2289
242	2290
243	2291
244	2292
245	2293
246	2294
247	2295
248	2296
249	2297
250	2298
251	2299
252	2300
253	2301
254	2302
255	2303
256	2304
257	2305
258	2306
259	2307
260	2308
261	2309
262	2310
263	2311
264	2312
265	2313
266	2314
267	2315
268	2316
269	2317
270	2318
271	2319
272	2320
273	2321
274	2322
275	2323
276	2324
277	2325
278	2326
279	2327
280	2328
281	2329
282	2330
283	2331
284	2332
285	2333
286	2334
287	2335
288	2336
289	2337
290	2338
291	2339
292	2340
293	2341
294	2342
295	2343
296	2344
297	2345
298	2346
299	2347
300	2348
301	2349
302	2350
303	2351
304	2352
305	2353
306	2354
307	2355
308	2356
309	2357
310	2358
311	2359
312	2360
313	2361
314	2362
315	2363
316	2364
317	2365
318	2366
319	2367
320	2368
321	2369
322	2370
323	2371
324	2372
325	2373
326	2374
327	2375
328	2376
329	2377
330	2378
331	2379
332	2380
333	2381
334	2382
335	2383
336	2384
337	2385
338	2386
339	2387
340	2388
341	2389
342	2390
343	2391
344	2392
345	2393
346	2394
347	2395
348	2396
349	2397
350	2398
351	2399
352	2400
353	3853
354	3854
355	3855
356	3856
357	3857
358	3858
359	3859
360	3860
361	3861
362	3862
363	3863
364	3864
365	3865
366	3866
367	3867
368	3868
369	3869
370	3870
371	3871
372	3872
373	3873
374	3874
375	3875
376	3876
377	3877
378	3878
379	3879
380	3880
381	3881
382	3882
383	3883
384	3884
385	3885
386	3886
387	3887
388	3888
389	3889
390	3890
391	3891
392	3892
393	3893
394	3894
395	3895
396	3896
397	3897
398	3898
399	3899
400	3900
401	3901
402	3902
403	3903
404	3904
405	3905
406	3906
407	3907
408	3908
409	3909
410	3910
411	3911
412	3912
413	3913
414	3914
415	3915
416	3916
417	3917
418	3918
419	3919
420	3920
421	3921
422	3922
423	3923
424	3924
425	3925
426	3926
427	3927
428	3928
429	3929
430	3930
431	3931
432	3932
433	3933
434	3934
435	3935
436	3936
437	3937
438	3938
439	3939
440	3940
441	3941
442	3942
443	3943
444	3944
445	3945
446	3946
447	3947
448	3948
449	3949
450	3950
451	3951
452	3952
453	3953
454	3954
455	3955
456	3956
457	3957
458	3958
459	3959
460	3960
461	3961
462	3962
463	3963
464	3964
465	3965
466	3966
467	3967
468	3968
469	3969
470	3970
471	3971
472	3972
473	3973
474	3974
475	3975
476	3976
477	3977
478	3978
479	3979
480	3980
481	3981
482	3982
483	3983
484	3984
485	3985
486	3986
487	3987
488	3988
489	3989
490	3990
491	3991
492	3992
493	3993
494	3994
495	3995
496	3996
497	3997
498	3998
499	3999
500	4000
501	4001
502	4002
503	4003
504	4004
505	4005
506	4006
507	4007
508	4008
509	4009
510	4010
511	4011
512	4012
513	4013
514	4014
515	4015
516	4016
517	4017
518	4018
519	4019
520	4020
521	4021
522	4022
523	4023
524	4024
525	4025
526	4026
527	4027
528	4028
529	4029
530	4030
531	4031
532	4032
533	4033
534	4034
535	4035
536	4036
537	4037
538	4038
539	4039
540	4040
541	4041
542	4042
543	4043
544	4044
545	4045
546	4046
547	4047
548	4048
549	4049
550	4050
551	4051
552	4052
553	4053
554	4054
555	4055
556	4056
557	4057
558	4058
559	4059
560	4060
561	4061
562	4062
563	4063
564	4064
565	4065
566	4066
567	4067
568	4068
569	4069
570	4070
571	4071
572	4072
573	4073
574	4074
575	4075
576	4076
577	4077
578	4078
579	4079
580	4080
581	4081
582	4082
583	4083
584	4084
585	4085
586	4086
587	4087
588	4088
589	4089
590	4090
591	4091
592	4092
593	4093
594	4094
595	4095
596	4096
597	4097
598	4098
599	4099
600	4100
601	4101
602	4102
603	4103
604	4104
605	4105
606	4106
607	4107
608	4108
609	4109
610	4110
611	4111
612	4112
613	4113
614	4114
615	4115
616	4116
617	4117
618	4118
619	4119
620	4120
621	4121
622	4122
623	4123
624	4124
625	4125
626	4126
627	4127
628	4128
629	4129
630	4130
631	4131
632	4132
633	4133
634	4134
635	4135
636	4136
637	4137
638	4138
639	4139
640	4140
641	4141
642	4142
643	4143
644	4144
645	4145
646	4146
647	4147
648	4148
649	4149
650	4150
651	4151
652	5677
653	5678
654	5679
655	5680
656	5681
657	5682
658	5683
659	5684
660	5685
661	5686
662	5687
663	5688
664	5689
665	5690
666	5691
667	5692
668	5693
669	5694
670	5695
671	5696
672	5697
673	5698
674	5699
675	5700
676	5701
677	5702
678	5703
679	5704
680	5705
681	5706
682	5707
683	5708
684	5709
685	5710
686	5711
687	5712
688	5713
689	5714
690	5715
691	5716
692	5717
693	5718
694	5719
695	5720
696	5721
697	5722
698	5723
699	5724
700	5725
701	5726
702	5727
703	5728
704	5729
705	5730
706	5731
707	5732
708	5733
709	5734
710	5735
711	5736
712	5737
713	5738
714	5739
715	5740
716	5741
717	5742
718	5743
719	5744
720	5745
721	5746
722	5747
723	5748
724	5749
725	5750
726	5751
727	5752
728	5753
729	5754
730	5755
731	5756
732	5757
733	5758
734	5759
735	5760
736	5761
737	5762
738	5763
739	5764
740	5765
741	5766
742	5767
743	5768
744	5769
745	5770
746	5771
747	5772
748	5773
749	5774
750	5775
751	5776
752	5777
753	5778
754	5779
755	5780
756	5781
757	5782
758	5783
759	5784
760	5785
761	5786
762	5787
763	5788
764	5789
765	5790
766	5791
767	5792
768	5793
769	5794
770	5795
771	5796
772	5797
773	5798
774	5799
775	5800
776	5801
777	5802
778	5803
779	5804
780	5805
781	5806
782	5807
783	5808
784	5809
785	5810
786	5811
787	5812
788	5813
789	5814
790	5815
791	5816
792	5817
793	5818
794	5819
795	5820
796	5821
797	5822
798	5823
799	5824
800	5825
801	5826
802	5827
803	5828
804	5829
805	5830
806	5831
807	5832
808	5833
809	5834
810	5835
811	5836
812	5837
813	5838
814	5839
815	5840
816	5841
817	5842
818	5843
819	5844
820	5845
821	5846
822	5847
823	5848
824	5849
825	5850
826	5851
827	5852
828	5853
829	5854
830	5855
831	5856
832	5857
833	5858
834	5859
835	5860
836	5861
837	5862
838	5863
839	5864
840	5865
841	5866
842	5867
843	5868
844	5869
845	5870
846	5871
847	5872
848	5873
849	5874
850	5875
851	5876
852	5877
853	5878
854	5879
855	5880
856	5881
857	5882
858	5883
859	5884
860	5885
861	5886
862	5887
863	5888
864	5889
865	5890
866	5891
867	5892
868	5893
869	5894
870	5895
871	5896
872	5897
873	5898
874	5899
875	5900
876	5901
877	5902
878	5903
879	5904
880	5905
881	5906
882	5907
883	5908
884	5909
885	5910
886	5911
887	5912
888	5913
889	5914
890	5915
891	5916
892	5917
893	5918
894	5919
895	5920
896	5921
897	5922
898	5923
899	5924
900	5925
901	5926
902	5927
903	5928
904	5929
905	5930
906	5931
907	5932
908	5933
909	5934
910	5935
911	5936
912	5937
913	5938
914	5939
915	5940
916	5941
917	5942
918	5943
919	5944
920	5945
921	5946
922	5947
923	5948
924	5949
925	5950
926	5951
927	5952
928	5953
929	5954
930	5955
931	5956
932	5957
933	5958
934	5959
935	5960
936	5961
937	5962
938	5963
939	5964
940	5965
941	5966
942	5967
943	5968
944	5969
945	5970
946	9136
947	9137
948	9138
949	9139
950	9140
951	9141
952	9142
953	9143
954	9144
955	9145
956	9146
957	9147
958	9148
959	9149
960	9150
961	9151
962	9152
963	9153
964	9154
965	9155
966	9156
967	9157
968	9158
969	9159
970	9160
971	9161
972	9162
973	9163
974	9164
975	9165
976	9166
977	9167
978	9168
979	9169
980	9170
981	9171
982	9172
983	9173
984	9174
985	9175
986	9176
987	9177
988	9178
989	9179
990	9180
991	9181
992	9182
993	9183
994	9184
995	9185
996	9186
997	11722
998	11723
999	11724
1000	11725
1001	11726
1002	11727
1003	11728
1004	11729
1005	11730
1006	11731
1007	11732
1008	11733
1009	11734
1010	11735
1011	11736
1012	11737
1013	11738
1014	11739
1015	11740
1016	11741
1017	11742
1018	11743
1019	11744
1020	11745
1021	11746
1022	11747
1023	11748
1024	11749
1025	11750
1026	11751
1027	11752
1028	11753
1029	11754
1030	11755
1031	11756
1032	11757
1033	11758
1034	11759
1035	11760
1036	11761
1037	11762
1038	11763
1039	11764
1040	11765
1041	11766
1042	11767
1043	11768
1044	11769
1045	11770
1046	11771
1047	11772
1048	11773
1049	11774
1050	11775
1051	11776
1052	11777
1053	11778
1054	11779
1055	11780
1056	11781
1057	11782
1058	11783
1059	11784
1060	11785
1061	11786
1062	11787
1063	11788
1064	11789
1065	11790
1066	11791
1067	11792
1068	11793
1069	11794
1070	11795
1071	11796
1072	11797
1073	11798
1074	11799
1075	11800
1076	11801
1077	11802
1078	11803
1079	11804
1080	11805
1081	11806
1082	11807
1083	11808
1084	11809
1085	11810
1086	11811
1087	11812
1088	11813
1089	11814
1090	11815
1091	11816
1092	11817
1093	11818
1094	11819
1095	11820
1096	11821
1097	11822
1098	11823
1099	11824
1100	11825
1101	11826
1102	12289
1103	12290
1104	12291
1105	12292
1106	12293
1107	12294
1108	12295
1109	12296
1110	12297
1111	12298
1112	12299
1113	12300
1114	12301
1115	12302
1116	12303
1117	12304
1118	12305
1119	12306
1120	12307
1121	12308
1122	12309
1123	12310
1124	12311
1125	12312
1126	12313
1127	12314
1128	12315
1129	12316
1130	12317
1131	12318
1132	12319
1133	12320
1134	12321
1135	12322
1136	12323
1137	12324
1138	12325
1139	12326
1140	12327
1141	12328
1142	12329
1143	12330
1144	12331
1145	12332
1146	12333
1147	12334
1148	12335
1149	12336
1150	12337
1151	12338
1152	12339
1153	12340
1154	12341
1155	12440
1156	12441
1157	12442
1158	12443
1159	12444
1160	12445
1161	12446
1162	12447
1163	12448
1164	12449
1165	12450
1166	12451
1167	12452
1168	12453
1169	12454
1170	12455
1171	12456
1172	12457
1173	12458
1174	12459
1175	12460
1176	12461
1177	12462
1178	12463
1179	12464
1180	12465
1181	12466
1182	12467
1183	12468
1184	12469
1185	12470
1186	12471
1187	12472
1188	12473
1189	12474
1190	12475
1191	12476
1192	12477
1193	12478
1194	12479
1195	12480
1196	12481
1197	12482
1198	12483
1199	12484
1200	12485
1201	12486
1202	12487
1203	12488
1204	12489
1205	12490
1206	12491
1207	12492
1208	12493
1209	12494
1210	12495
1211	12496
1212	12497
1213	12498
1214	12499
1215	12500
1216	12501
1217	12502
1218	12503
1219	12504
1220	12505
1221	12506
1222	12507
1223	12508
1224	12509
1225	12510
1226	12511
1227	12512
1228	12513
1229	12514
1230	12515
1231	12516
1232	12517
1233	12518
1234	12519
1235	12520
1236	12521
1237	12522
1238	12523
1239	12524
1240	12525
1241	12526
1242	12527
1243	12528
1244	12529
1245	12530
1246	12531
1247	12532
1248	12533
1249	12534
1250	12535
1251	12536
1252	12537
1253	12538
1254	12539
1255	12540
1256	12541
1257	12542
1258	12543
1259	12544
1260	12545
1261	12546
1262	12547
1263	12548
1264	12549
1265	12550
1266	12551
1267	12552
1268	12553
1269	12554
1270	12555
1271	12556
1272	12557
1273	12558
1274	12559
1275	12560
1276	12561
1277	12562
1278	12563
1279	12564
1280	12565
1281	12566
1282	12567
1283	12568
1284	12569
1285	12570
1286	12571
1287	12572
1288	12573
1289	12574
1290	12575
1291	12576
1292	12577
1293	12578
1294	12579
1295	12580
1296	12581
1297	12582
1298	12583
1299	12584
1300	12585
1301	12586
1302	12587
1303	12588
1304	12589
1305	12590
1306	12591
1307	12592
1308	12593
1309	12594
1310	12595
1311	12596
1312	12597
1313	12598
1314	12599
1315	12600
1316	12601
1317	12602
1318	12603
1319	12604
1320	12605
1321	12606
1322	12607
1323	12608
1324	12609
1325	12610
1326	12611
1327	12612
1328	12613
1329	12614
1330	12615
1331	12616
