cDNA	gene
1	864
2	865
3	866
4	867
5	868
6	869
7	870
8	871
9	872
10	873
11	874
12	875
13	876
14	877
15	878
16	879
17	880
18	881
19	882
20	883
21	884
22	885
23	886
24	887
25	888
26	889
27	890
28	891
29	892
30	893
31	894
32	895
33	896
34	897
35	1614
36	1615
37	1616
38	1617
39	1618
40	1619
41	1620
42	1621
43	1622
44	1623
45	1624
46	1625
47	1626
48	1627
49	1628
50	1629
51	1630
52	1631
53	1632
54	1633
55	1634
56	1635
57	1636
58	1637
59	1638
60	1639
61	1640
62	1641
63	1642
64	1643
65	1644
66	1645
67	1646
68	1647
69	1648
70	1649
71	2420
72	2421
73	2422
74	2423
75	2424
76	2425
77	2426
78	2427
79	2428
80	2429
81	2430
82	2431
83	2432
84	2433
85	2434
86	2435
87	2436
88	2437
89	2438
90	2439
91	2440
92	2441
93	2442
94	2443
95	2444
96	2445
97	2446
98	2447
99	2448
100	2449
101	2450
102	2451
103	2452
104	2453
105	2454
106	2455
107	2456
108	2457
109	2458
110	2459
111	2460
112	2461
113	2462
114	2463
115	2464
116	2465
117	2466
118	2467
119	2468
120	2469
121	2470
122	2471
123	2472
124	2473
125	2474
126	2475
127	2476
128	2477
129	2478
130	2479
131	2480
132	2481
133	2482
134	2483
135	2484
136	2485
137	2486
138	2487
139	2488
140	2489
141	2490
142	2491
143	2492
144	2493
145	2494
146	2495
147	2496
148	2497
149	2498
150	2499
151	2500
152	2501
153	2502
154	2503
155	2504
156	2505
157	2506
158	2507
159	2508
160	2509
161	2510
162	2511
163	2512
164	2513
165	2514
166	2515
167	2516
168	2517
169	2518
170	2519
171	2520
172	2521
173	2522
174	2523
175	2524
176	2525
177	2526
178	2527
179	2528
180	2529
181	2530
182	2531
183	2532
184	2533
185	2534
186	2535
187	2536
188	2537
189	2538
190	2539
191	2540
192	2541
193	2542
194	2543
195	2544
196	2545
197	2546
198	2547
199	2548
200	2549
201	2550
202	2551
203	2552
204	2553
205	2554
206	2555
207	2556
208	2557
209	2558
210	2559
211	2560
212	2561
213	2562
214	2563
215	2564
216	2565
217	2566
218	2567
219	2568
220	2569
221	2570
222	2571
223	2572
224	2573
225	2574
226	2575
227	2576
228	2577
229	2578
230	2579
231	2580
232	2581
233	2582
234	2583
235	2584
236	2585
237	2586
238	2587
239	2588
240	2589
241	2590
242	2591
243	2592
244	2593
245	2594
246	2595
247	2596
248	2597
249	2598
250	2599
251	2600
252	2601
253	2602
254	2603
255	2604
256	2605
257	2606
258	2607
259	2608
260	2609
261	2610
262	2611
263	2612
264	2613
265	2614
266	2615
267	2616
268	2617
269	2618
270	2619
271	2620
272	2621
273	2622
274	2623
275	2624
276	2625
277	2626
278	2627
279	2628
280	2629
281	2630
282	2631
283	2632
284	2633
285	2634
286	2635
287	2636
288	2637
289	2638
290	2639
291	2640
292	2641
293	2642
294	2643
295	2644
296	2645
297	2646
298	2647
299	2648
300	2649
301	2650
302	2651
303	2652
304	2653
305	2654
306	2655
307	2656
308	2657
309	2658
310	2659
311	2660
312	2661
313	2662
314	2663
315	2664
316	2665
317	2666
318	2667
319	2668
320	2669
321	2670
322	2671
323	2672
324	2673
325	2674
326	2675
327	2676
328	2677
329	2678
330	2679
331	2680
332	2681
333	2682
334	2683
335	2684
336	2685
337	2686
338	2687
339	2688
340	2689
341	2690
342	2691
343	2692
344	2693
345	2694
346	2695
347	2696
348	2697
349	2698
350	2699
351	2700
352	2701
353	2702
354	2703
355	2704
356	3978
357	3979
358	3980
359	3981
360	3982
361	3983
362	3984
363	3985
364	3986
365	3987
366	3988
367	3989
368	3990
369	3991
370	3992
371	3993
372	3994
373	3995
374	3996
375	3997
376	3998
377	3999
378	4000
379	4001
380	4002
381	4003
382	4004
383	4005
384	4006
385	4007
386	4008
387	4009
388	4010
389	4011
390	4012
391	4013
392	4014
393	4015
394	4016
395	4017
396	4018
397	4019
398	4020
399	4021
400	4022
401	4023
402	4024
403	4025
404	4026
405	4027
406	4028
407	4029
408	4030
409	4031
410	4032
411	4033
412	4034
413	4035
414	4036
415	4037
416	4038
417	4039
418	4040
419	4041
420	4042
421	4043
422	4044
423	4045
424	4046
425	4047
426	4048
427	4049
428	4050
429	4051
430	4052
431	4053
432	4054
433	4055
434	4056
435	4057
436	4058
437	4059
438	4060
439	4061
440	4062
441	4063
442	4064
443	4065
444	4066
445	4067
446	4068
447	4069
448	4070
449	4071
450	4072
451	4073
452	4074
453	4075
454	4076
455	4077
456	4078
457	4079
458	4080
459	4081
460	4082
461	4083
462	4084
463	4085
464	4086
465	4087
466	4088
467	4089
468	4090
469	4091
470	4092
471	4093
472	4094
473	4095
474	4096
475	4097
476	4098
477	4099
478	4100
479	4101
480	4102
481	4103
482	4104
483	4105
484	4106
485	4107
486	4108
487	4109
488	4110
489	4111
490	4112
491	4113
492	4114
493	4115
494	4116
495	4117
496	4118
497	4119
498	4120
499	4121
500	4122
501	4123
502	4124
503	4125
504	4126
505	4127
506	4128
507	4129
508	4130
509	4131
510	4132
511	4133
512	4134
513	4135
514	4136
515	4137
516	4138
517	4139
518	4140
519	4141
520	4142
521	4143
522	4144
523	4145
524	4146
525	4147
526	4148
527	4149
528	4150
529	4151
530	4152
531	4153
532	4154
533	4155
534	4156
535	4157
536	4158
537	4159
538	4160
539	4161
540	4162
541	4163
542	4164
543	4165
544	4166
545	4167
546	4168
547	4169
548	4170
549	4171
550	4172
551	4173
552	4174
553	4175
554	4176
555	4177
556	4178
557	4179
558	4180
559	4181
560	4182
561	4183
562	4184
563	4185
564	4186
565	4187
566	4188
567	4189
568	4190
569	4191
570	4192
571	4193
572	4194
573	4195
574	4196
575	4197
576	4198
577	4199
578	4200
579	4201
580	4202
581	4203
582	4204
583	4205
584	4206
585	4207
586	4208
587	4209
588	4210
589	4211
590	4212
591	4213
592	4214
593	4215
594	4216
595	4217
596	4218
597	4219
598	4220
599	4221
600	4222
601	4223
602	4224
603	4225
604	4226
605	4227
606	4228
607	4229
608	4230
609	4231
610	4232
611	4233
612	4234
613	4235
614	4236
615	4237
616	4238
617	4239
618	4240
619	4241
620	4242
621	4243
622	4244
623	4245
624	4246
625	4247
626	4248
627	4249
628	4250
629	4251
630	4252
631	4253
632	4254
633	4255
634	4256
635	4257
636	4258
637	4259
638	4260
639	4261
640	4262
641	4263
642	4264
643	4265
644	4266
645	4267
646	4268
647	4269
648	4270
649	4271
650	4272
651	4273
652	4274
653	4275
654	4276
655	4277
656	5860
657	5861
658	5862
659	5863
660	5864
661	5865
662	5866
663	5867
664	5868
665	5869
666	5870
667	5871
668	5872
669	5873
670	5874
671	5875
672	5876
673	5877
674	5878
675	5879
676	5880
677	5881
678	5882
679	5883
680	5884
681	5885
682	5886
683	5887
684	5888
685	5889
686	5890
687	5891
688	5892
689	5893
690	5894
691	5895
692	5896
693	5897
694	5898
695	5899
696	5900
697	5901
698	5902
699	5903
700	5904
701	5905
702	5906
703	5907
704	5908
705	5909
706	5910
707	5911
708	5912
709	5913
710	5914
711	5915
712	5916
713	5917
714	5918
715	5919
716	5920
717	5921
718	5922
719	5923
720	5924
721	5925
722	5926
723	5927
724	5928
725	5929
726	5930
727	5931
728	5932
729	5933
730	5934
731	5935
732	5936
733	5937
734	5938
735	5939
736	5940
737	5941
738	5942
739	5943
740	5944
741	5945
742	5946
743	5947
744	5948
745	5949
746	5950
747	5951
748	5952
749	5953
750	5954
751	5955
752	5956
753	5957
754	5958
755	5959
756	5960
757	5961
758	5962
759	5963
760	5964
761	5965
762	5966
763	5967
764	5968
765	5969
766	5970
767	5971
768	5972
769	5973
770	5974
771	5975
772	5976
773	5977
774	5978
775	5979
776	5980
777	5981
778	5982
779	5983
780	5984
781	5985
782	5986
783	5987
784	5988
785	5989
786	5990
787	5991
788	5992
789	5993
790	5994
791	5995
792	5996
793	5997
794	5998
795	5999
796	6000
797	6001
798	6002
799	6003
800	6004
801	6005
802	6006
803	6007
804	6008
805	6009
806	6010
807	6011
808	6012
809	6013
810	6014
811	6015
812	6016
813	6017
814	6018
815	6019
816	6020
817	6021
818	6022
819	6023
820	6024
821	6025
822	6026
823	6027
824	6028
825	6029
826	6030
827	6031
828	6032
829	6033
830	6034
831	6035
832	6036
833	6037
834	6038
835	6039
836	6040
837	6041
838	6042
839	6043
840	6044
841	6045
842	6046
843	6047
844	6048
845	6049
846	6050
847	6051
848	6052
849	6053
850	6054
851	6055
852	6056
853	6057
854	6058
855	6059
856	6060
857	6061
858	6062
859	6063
860	6064
861	6065
862	6066
863	6067
864	6068
865	6069
866	6070
867	6071
868	6072
869	6073
870	6074
871	6075
872	6076
873	6077
874	6078
875	6079
876	6080
877	6081
878	6082
879	6083
880	6084
881	6085
882	6086
883	6087
884	6088
885	6089
886	6090
887	6091
888	6092
889	6093
890	6094
891	6095
892	6096
893	6097
894	6098
895	6099
896	6100
897	6101
898	6102
899	6103
900	6104
901	6105
902	6106
903	6107
904	6108
905	6109
906	6110
907	6111
908	6112
909	6113
910	6114
911	6115
912	6116
913	6117
914	6118
915	6119
916	6120
917	6121
918	6122
919	6123
920	6124
921	6125
922	6126
923	6127
924	6128
925	6129
926	6130
927	6131
928	6132
929	6133
930	6134
931	6135
932	6136
933	6137
934	6138
935	6139
936	6140
937	6141
938	6142
939	6143
940	6144
941	6145
942	6146
943	6147
944	6148
945	6149
946	6150
947	6151
948	6152
949	6153
950	11619
951	11620
952	11621
953	11622
954	11623
955	11624
956	11625
957	11626
958	11627
959	11628
960	11629
961	11630
962	11631
963	11632
964	11633
965	11634
966	11635
967	11636
968	11637
969	11638
970	11639
971	11640
972	11641
973	11642
974	11643
975	11644
976	11645
977	11646
978	11647
979	11648
980	11649
981	11650
982	11651
983	11652
984	11653
985	11654
986	11655
987	11656
988	11657
989	11658
990	11659
991	11660
992	11661
993	11662
994	11663
995	11664
996	11665
997	11666
998	11667
999	11668
1000	11669
1001	11670
1002	11671
1003	11672
1004	11673
1005	11674
1006	11675
1007	11676
1008	11677
1009	11678
1010	11679
1011	11680
1012	11681
1013	11682
1014	11683
1015	11684
1016	11685
1017	11686
1018	11687
1019	11688
1020	11689
1021	11690
1022	11691
1023	11692
1024	11693
1025	11694
1026	11695
1027	11696
1028	11697
1029	11698
1030	11699
1031	11700
1032	11701
1033	11702
1034	11703
1035	11704
1036	11705
1037	11706
1038	11707
1039	11708
1040	11709
1041	11710
1042	11711
1043	11712
1044	11713
1045	11714
1046	11715
1047	11716
1048	11717
1049	11718
1050	11719
1051	11720
1052	11721
1053	11722
1054	11723
1055	12186
1056	12187
1057	12188
1058	12189
1059	12190
1060	12191
1061	12192
1062	12193
1063	12194
1064	12195
1065	12196
1066	12197
1067	12198
1068	12199
1069	12200
1070	12201
1071	12202
1072	12203
1073	12204
1074	12205
1075	12206
1076	12207
1077	12208
1078	12209
1079	12210
1080	12211
1081	12212
1082	12213
1083	12214
1084	12215
1085	12216
1086	12217
1087	12218
1088	12219
1089	12220
1090	12221
1091	12222
1092	12223
1093	12224
1094	12225
1095	12226
1096	12227
1097	12228
1098	12229
1099	12230
1100	12231
1101	12232
1102	12233
1103	12234
1104	12235
1105	12236
1106	12237
1107	12238
1108	12337
1109	12338
1110	12339
1111	12340
1112	12341
1113	12342
1114	12343
1115	12344
1116	12345
1117	12346
1118	12347
1119	12348
1120	12349
1121	12350
1122	12351
1123	12352
1124	12353
1125	12354
1126	12355
1127	12356
1128	12357
1129	12358
1130	12359
1131	12360
1132	12361
1133	12362
1134	12363
1135	12364
1136	12365
1137	12366
1138	12367
1139	12368
1140	12369
1141	12370
1142	12371
1143	12372
1144	12373
1145	12374
1146	12375
1147	12376
1148	12377
1149	12378
1150	12379
1151	12380
1152	12381
1153	12382
1154	12383
1155	12384
1156	12385
1157	12386
1158	12387
1159	12388
1160	12389
1161	12390
1162	12391
1163	12392
1164	12393
1165	12394
1166	12395
1167	12396
1168	12397
1169	12398
1170	12399
1171	12400
1172	12401
1173	12402
1174	12403
1175	12404
1176	12405
1177	12406
1178	12407
1179	12408
1180	12409
1181	12410
1182	12411
1183	12412
1184	12413
1185	12414
1186	12415
1187	12416
1188	12417
1189	12418
1190	12419
1191	12420
1192	12421
1193	12422
1194	12423
1195	12424
1196	12425
1197	12426
1198	12427
1199	12428
1200	12429
1201	12430
1202	12431
1203	12432
1204	12433
1205	12434
1206	12435
1207	12436
1208	12437
1209	12438
1210	12439
1211	12440
1212	12441
1213	12442
1214	12443
1215	12444
1216	12445
1217	12446
1218	12447
1219	12448
1220	12449
1221	12450
1222	12451
1223	12452
1224	12453
1225	12454
1226	12455
1227	12456
1228	12457
1229	12458
1230	12459
1231	12460
1232	12461
1233	12462
